# The modifications of the output file from Kalibr:
# 1. For each matrix (e.g. cam0/T_cam_imu), remove the brackets and minus sign for each line. Use one pair of brackets for each matrix.
# 2. Add the T_imu_body at the end of the calibration file (usually set to identity).
cam0:
  T_cam_imu:
    [0.006314180665723146, 0.9999766318859511, 0.002620458843516043, 0.046736523370232985,
    -0.999942495416321, 0.006336637218306074, -0.008651756431226676, -0.0003715028761310276,
    -0.008668159153032528, -0.0025656794019386, 0.9999591393182548, -0.015899569279138805,
    0.0, 0.0, 0.0, 1.0]
  camera_model: pinhole
  distortion_coeffs: [-0.358342284707457, 0.15547865002182998, -0.0009550548034657472,6.182606703454905e-05]
  distortion_model: radtan
  intrinsics: [377.25643100294167, 377.29092159924215, 370.56902126166335, 234.6299506443779]
  resolution: [752, 480]
  timeshift_cam_imu: 0.0
cam1:
  T_cam_imu:
    [0.006696430483144944, 0.9996853348961146, -0.02417413933169964, -0.0758625944951539,
    -0.9999147615398953, 0.006423088154853818, -0.011367215717573275, -0.00035878161746054116,
    -0.011208366223463388, 0.024248198535128284, 0.9996431350208945, -0.01834105311010103,
    0.0, 0.0, 0.0, 1.0]
  T_cn_cnm1:
    [0.999640909269884, -0.00015225334256800332, -0.02679606935723407, -0.12300843773679544,
    7.950828375757318e-05, 0.9999963090189652, -0.0027158105378708706, -3.41762710974395e-05,
    0.02679638394468246, 0.002712704805995929, 0.9996372317196489, -0.0036986137371987924,
    0.0, 0.0, 0.0, 1.0]
  camera_model: pinhole
  distortion_coeffs: [-0.348007263709549, 0.1390662753483762, -0.00011738331735032061,0.0006636983335251498]
  distortion_model: radtan
  intrinsics: [373.7996427610791, 373.8676527265314, 377.07789062741756, 240.1470670769732]
  resolution: [752, 480]
  timeshift_cam_imu: 0.0
T_imu_body:
  [1.0000, 0.0000, 0.0000, 0.0000,
  0.0000, 1.0000, 0.0000, 0.0000,
  0.0000, 0.0000, 1.0000, 0.0000,
  0.0000, 0.0000, 0.0000, 1.0000]
